0.001342891
0.010326885
0.012557051
0.009128488
-0.003436803
-0.015729719
0.003177495
0.010210478
-0.004576983
0.000212451
0.011963942
0.008731165
-0.008758089
-0.002207253
-0.005781729
-0.002054911
-0.012021551
-0.014550707
0.007444229
-0.009457177
0.001445279
-0.000373382
0.011098472
-0.012333739
0.001090129
-0.007239417
-0.002013845
0.001116753
0.008630384
-0.002798371
-0.003055576
-0.001402784
0.003236513
0.008904875
0.00564953
0.0063179
-0.006483222
-0.00287145
-0.00192372
0.011201948
-0.001123084
-0.006528184
0.01030453
0.00513978
-0.010192102
-0.001194189
0.008008662
0.005229639
-0.001659257
0.001706668
-0.003786636
0.000347455
0.021123991
0.001263334
-0.006004749
-0.004804679
0.005822206
0.009580155
-0.013675557
-0.000947776
0.005743047
0.000570468
0.008240501
0.002311364
-0.003187989
0.010684422
0.012495105
-0.016107033
-0.000599628
0.007556435
-0.00065079
0.005258575
0.00081347
0.002921608
0.002193112
0.012314274
0.008805164
-0.005616453
-0.003732374
0.000750715
-0.000670363
0.005666477
-0.001478048
0.014113025
0.00182758
-0.003429485
-0.008015974
-0.005660564
-0.002826048
0.000369873
0.001430066
0.004231484
0.001661308
0.010300142
-0.014682898
0.005866265
0.004527337
-0.0000765475
0.002647188
0.013650659
0.004599518
0.003924209
0.004096763
0.007967932
-0.003907352
-0.000568646
-0.00540849
0.00587437
0.003783324
-0.000945849
0.000980679
-0.00195361
0.000596053
0.004060551
-0.002020027
0.007390228
0.001280846
0.001191386
0.001596467
0.019074159
-0.000835696
0.015617648
-0.008084922
0.001005998
0.0028404
0.001753614
0.009393658
0.018858553
0.010504717
0.006476365
0.012007973
-0.004799591
-0.011831187
-0.014339977
0.0072642
-0.001684618
-0.012584848
-0.008483571
-0.013398744
-0.000100333
0.01059475
-0.005017179
-0.00624623
0.004292406
0.005208055
0.006302714
0.011816406
-0.001305268
0.00810935
-0.013743541
0.0000784922
-0.002708995
0.005893677
0.000229576
-0.014736018
0.004024914
-0.002297394
-0.016400579
-0.009393441
-0.002152515
0.000722986
-0.012159562
0.008428616
0.001240952
-0.005695633
0.006724537
0.0014269
-0.003212817
-0.006969918
-0.004194218
0.001798184
-0.0015955
0.003831704
0.014509719
0.006264584
0.006715875
-0.013457312
0.011045585
-0.002777509
0.006878623
-0.000148401
-0.007713631
-0.007554449
-0.011550676
0.005748982
-0.001069677
0.00025084
-0.007037233
-0.004219618
0.009023943
-0.005298187
-0.002549785
-0.013838549
-0.002665524
0.001468676
0.009877759
-0.006424665
-0.000155882
0.002814988
0.004034951
0.000324372
-0.006756695
0.002357809
0.007115923
0.003855969
-0.001024704
0.008470508
0.007412051
0.006742341
0.002403559
-0.002864743
-0.007923416
-0.00196811
0.001171262
0.012268529
0.004473456
-0.000352095
0.011454322
-0.004486564
-0.00765875
0.003710901
-0.00524526
-0.004736174
-0.003671594
0.012179241
0.000820108
0.006930722
0.009322739
0.001148027
0.006188446
-0.003811975
0.002352523
-0.002001554
0.014533301
0.009855616
-0.006109881
0.0000162091
0.013049627
0.008758012
-0.007317831
-0.011223388
0.000155277
-0.001446186
0.009445141
0.011891725
-0.006379448
0.002959009
-0.001583357
-0.001696841
0.004483624
-0.004579278
0.000452009
0.01847635
-0.007220025
-0.006997854
-0.011585409
-0.000387222
0.008253026
0.01956723
-0.003841862
-0.015811809
0.000852364
0.000902939
-0.005951741
-0.000084507
0.000854599
0.003307117
-0.002068718
0.013260648
-0.004134133
-0.0000416986
0.000997227
0.003579979
-0.002493224
-0.005796339
0.003697355
0.014437377
0.005714582
0.014237672
-0.00157333
0.001647386
0.005637944
0.002985121
-0.016463691
0.012983341
0.008918788
-0.011020403
0.017563122
-0.006980915
0.016475369
-0.001509235
-0.014478523
-0.018459814
0.001414937
-0.015325751
0.000687201
0.016146616
0.00758162
-0.004725039
-0.003035185
0.003073902
-0.010539131
0.005330811
-0.001573332
-0.020043141
-0.002766072
-0.013789628
0.002773104
-0.000278938
0.011447383
0.00219462
-0.008829865
-0.011079431
0.012872203
-0.006140658
-0.010353235
0.014698251
0.01045149
0.014642753
-0.012967686
0.002495043
0.011007395
-0.000181848
-0.000712567
0.011882275
0.01891727
-0.007637729
-0.015562078
-0.002030637
0.0039979
0.003414041
0.012849553
0.006978877
-0.000766235
0.022838842
-0.011643681
0.007538281
-0.004000109
-0.002542458
0.017461654
-0.012019937
-0.004048512
0.005867628
-0.014452535
0.014868204
0.001037599
-0.009008868
-0.011137706
-0.024920509
-0.006054163
0.007291434
0.014279519
-0.007350866
0.007521194
-0.001861359
-0.014399195
-0.017894231
-0.001193759
-0.000867644
0.030948013
-0.001593353
-0.015442589
-0.000284731
0.005915644
0.013580282
-0.003884188
0.00475891
-0.00309069
-0.00825204
0.008713197
-0.00893448
0.009240154
0.055433825
-0.020776717
0.005596054
0.009616257
0.01361683
-0.010585228
-0.025002276
-0.004100085
-0.007456062
0.02462788
-0.006082015
-0.007389691
0.016268172
0.011881938
0.023724159
-0.007949554
-0.006674111
0.011427256
0.026481399
-0.023661794
0.025963989
-0.003290826
-0.006518011
-0.007493155
-0.028003539
-0.010245484
-0.002017309
0.030583722
0.025882443
-0.015065105
-0.021126586
0.019671812
-0.002120984
-0.010340888
-0.017231985
-0.008428003
-0.017116884
-0.011269976
0.00685499
-0.007181755
-0.01131764
0.003386758
-0.043235308
0.010583206
0.01527221
0.006609308
0.018342227
-0.004094936
-0.01073665
0.002996527
-0.007817766
-0.011028375
-0.006666417
-0.033687184
0.014091867
0.002916108
-0.002237022
-0.021400869
-0.012900946
0.002270492
-0.007237916
0.001874697
0.003970176
0.017321451
-0.000704492
0.021291782
-0.004249332
-0.001237755
-0.001626974
-0.000776996
0.015640366
-0.006663494
-0.002822131
0.014205625
0.012133842
0.026156979
-0.011544533
0.00131514
-0.009331581
0.009862045
0.005895611
0.027627446
-0.008363607
0.019202691
-0.002999449
-0.004456155
-0.009245323
-0.011525914
-0.000831581
0.014964904
0.00357333
0.001585302
0.01055144
-0.008758664
-0.000709959
-0.020145121
-0.002973027
0.03056501
0.009530668
-0.001300168
0.024476325
0.002201901
-0.03251168
0.014590667
-0.003772149
-0.038770173
-0.029108836
-0.023799658
-0.010794106
0.00952434
0.00313835
-0.01634798
0.018430601
-0.0074823
-0.006274431
0.024741627
0.019882738
0.009452228
-0.008121957
0.018555323
0.000147057
-0.00583453
-0.040395375
0.02016959
-0.003946624
0.02386957
-0.001296686
-0.016463182
0.002459717
-0.032036749
-0.005674633
-0.035651155
0.029864397
0.004836656
0.005675599
-0.036285624
0.024748296
0.002097631
-0.028146162
0.005698063
-0.027741737
-0.014752235
-0.00061847
0.016057532
-0.000204274
-0.012145061
0.011175701
-0.003417891
-0.016877945
-0.00265047
0.004252496
-0.009716594
-0.012550415
0.008091009
0.003408538
-0.015651486
-0.006295062
0.012258404
0.007144958
0.005065052
0.014345173
-0.012272816
0.011303292
-0.000434103
0.011662251
0.012347931
0.022384213
0.021407019
-0.007420983
-0.012962278
-0.004290701
0.025697339
-0.007232339
-0.029519253
-0.007932616
-0.00525638
0.018643839
-0.015473525
-0.002443828
0.022374745
0.014954694
-0.018410496
-0.010143233
-0.007166099
-0.021173699
0.000880516
0.015768404
-0.003840446
-0.018971284
-0.018114424
0.014517187
0.008402031
-0.003703155
0.005156851
-0.024389937
0.00942201
0.006863275
0.018885675
0.024346493
-0.005382836
-0.001497833
-0.012170522
0.002771355
-0.018914473
-0.011037872
-0.009689256
-0.018389106
0.000821766
-0.014243612
0.002817359
0.009159376
-0.001440504
-0.004051523
-0.00096255
-0.019392538
-0.000630457
0.006373712
-0.002624953
-0.002989994
0.001400649
-0.001009736
0.013839747
0.006222993
0.010181248
0.017777822
-0.011388412
-0.010288198
-0.008743946
0.016349775
-0.007471553
-0.009136636
0.009549143
-0.007179838
0.003085809
0.020705675
0.0117318
-0.008449163
0.014195405
-0.011816361
-0.018961025
0.013200642
-0.022726231
0.002295352
0.001655818
-0.003195254
-0.001400102
0.00338502
-0.002600871
0.003863836
-0.00000936444
0.007222252
0.000551258
-0.008226562
-0.003498917
0.000888816
0.003733067
0.00418109
0.006460475
0.003680441
0.001801451
0.001949687
0.009828005
-0.005051097
0.001819966
0.004748126
-0.001073259
0.00299573
0.003664354
0.007393383
0.003375262
0.007458788
0.017063063
0.003024503
-0.002417807
-0.006865235
-0.001914934
0.008300165
0.004102648
0.010523809
-0.012985852
0.01149151
-0.011910258
0.001568409
-0.020363224
-0.0027758
0.001459628
0.012136333
0.009519174
-0.000812123
-0.016977177
-0.009112098
-0.001550816
0.008474276
-0.005745806
0.002275712
-0.007723625
-0.004604323
-0.001318405
-0.003396565
-0.000333599
0.002841209
0.000312238
-0.001349928
0.004307604
0.008808225
-0.005825941
0.002219402
0.001496512
0.008525019
0.008139785
0.001258232
-0.01074826
-0.007061467
0.002619845
0.00160762
0.002951713
0.002468178
0.000992674
-0.000938746
0.001674102
0.0060059
-0.004633024
0.008205242
-0.001844719
-0.00540484
0.004206951
-0.000188017
-0.004712586
0.002382506
0.010147135
0.00201477
0.008242935
0.015161697
-0.015868503
-0.007538621
-0.003262213
0.001164253
-0.003515912
0.003449949
0.011278734
-0.008562286
0.003359045
-0.002020939
0.007499826
0.005222447
0.001326943
0.000278252
0.002313957
0.003332167
0.005811114
-0.001083033
0.005123858
0.014001013
-0.01312339
-0.000437024
-0.005390152
-0.002010822
0.001815339
0.001947457
0.004653894
-0.001823447
0.000173861
-0.000796812
0.008833072
-0.00362737
0.001446347
-0.000492122
0.000770016
0.001163531
0.001876616
-0.002123669
0.009911176
-0.000785407
0.010556619
-0.002944172
-0.008517453
-0.002530908
0.014919912
0.012172698
-0.021448792
-0.008674387
-0.010436614
0.007373967
0.008165638
0.000703234
-0.006678001
0.002746288
-0.007194624
0.00676324
-0.000844389
-0.00021474
0.001782248
0.010927669
-0.009210643
0.009306577
-0.006802045
-0.005306602
0.003607769
0.01109477
-0.004088554
0.003294706
-0.000195903
0.007720951
0.004219441
0.001475784
-0.000974281
0.014440348
0.011823436
0.003622504
-0.003158425
-0.000866046
0.016631566
0.005238566
-0.005465738
-0.007630694
0.007024108
-0.000603267
-0.014759264
0.002879035
-0.001569609
0.006490538
0.001016516
0.010396337
0.006028377
0.014156212
-0.005360491
0.019495348
-0.013415359
-0.013068076
-0.008078741
0.023789628
-0.004749215
-0.024479258
0.011351336
0.00125604
-0.007732333
-0.001855774
-0.00441561
-0.000320078
-0.000570398
0.004713201
0.001661243
-0.000344628
-0.00111373
0.007398544
0.00389775
0.010852793
0.00100871
0.013899782
0.016050221
-0.019309979
0.009758961
-0.025677347
-0.001487403
0.00361585
-0.003012589
0.000318642
0.013935166
0.00813674
-0.007191352
-0.003753939
0.002276166
0.000417405
-0.006556306
0.005492036
0.014848058
0.005710447
0.00708227
-0.014756013
0.006438693
0.001342062
-0.0022262
0.008721952
0.003534956
0.000746711
-0.002072906
-0.003905926
-0.003512124
0.005757191
0.001773321
0.012920892
-0.004357832
-0.001266532
-0.001284026
-0.00794876
0.002785642
-0.001935023
0.008837693
-0.000624026
0.001789057
0.011271118
-0.004595528
0.002399025
-0.001584494
0.016160545
0.005634955
-0.006790596
0.003945802
-0.011564559
-0.004790825
0.011646377
0.013611514
-0.009978811
0.007651108
-0.001398759
0.011700721
-0.000288017
0.019460347
0.022047195
0.017797851
0.012318915
-0.012130619
0.011948973
-0.035289938
-0.003023777
-0.01858927
0.003444931
0.005220326
-0.002196062
0.004725134
-0.016328041
0.000133913
-0.001526276
-0.006624242
-0.006305795
0.016416305
0.008792401
0.008006864
0.017404962
-0.013986502
0.017973447
-0.009570169
0.005292769
0.008251913
-0.004811024
0.016111383
0.015976541
0.002986537
-0.023720203
0.010517129
-0.011570179
-0.011183802
-0.008412672
-0.004618948
0.005219183
0.01274346
0.000533396
-0.017586051
0.020143959
-0.027756661
-0.008133277
-0.035125634
0.015366711
0.007525846
-0.002196749
0.006733856
0.001672433
0.010195727
0.003596329
0.010044974
0.003439422
0.003159623
-0.004402874
0.002300431
0.002712292
-0.000171606
-0.00204832
0.013996693
-0.007970189
0.002742087
0.000635153
0.006426204
0.006430809
0.003610192
0.007180553
0.007670545
-0.003748548
0.012429565
-0.006473738
0.007394042
-0.00619145
-0.012317637
0.005746485
0.001677785
0.008407343
0.002847602
-0.003404647
0.00908108
0.013405947
-0.009362107
0.010467377
-0.005645061
0.007829147
-0.010818804
0.015880469
0.004542653
0.005023181
0.015408633
0.014684521
-0.024225407
0.010957137
-0.025852283
0.004305771
0.006494517
-0.005650186
0.000596022
-0.003600576
0.018962791
0.008311056
0.0130632
-0.058944408
-0.005313713
-0.007798478
0.012040969
0.026212161
-0.003369901
0.013648315
0.008210566
0.003753801
0.004809685
-0.002107972
0.014830082
0.012286566
0.00235615
-0.007775783
0.016651898
-0.010483961
0.031501528
0.003924031
0.011527797
-0.017463248
-0.020545659
0.000176862
0.016872608
0.011504896
-0.006977576
0.009039284
0.004251243
-0.028060918
-0.009210687
0.026581626
-0.005241702
0.014714147
0.013919205
-0.000542327
0.022930771
-0.030672451
-0.017883815
0.026794367
0.005816786
-0.022030095
0.030573961
-0.010104648
0.014487258
0.034055314
-0.001604219
0.070333484
-0.015138818
0.022828682
-0.044140973
-0.016010915
0.03351451
-0.033686404
0.062413727
0.011534187
0.093830071
-0.029294297
-0.043359705
0.004708475
-0.051834287
0.059954835
-0.119839602
0.092871409
-0.095113478
-0.048865681
0.049394859
-0.075970417
-0.01705338
-0.03392096
0.042203229
-0.028110396
0.046038882
-0.008236369
-0.044163928
-0.003777478
-0.030279994
-0.033513809
-0.010519435
-0.003815898
0.004707682
-0.002920247
0.001843545
-0.001631868
0.006464134
0.001686501
0.007328495
-0.005402026
0.003324615
0.011252488
0.014978252
0.007257344
-0.017706688
0.003133266
-0.000867102
0.010055171
-0.01573226
-0.009041934
0.001142753
0.000287885
-0.002652496
0.00386419
0.008364505
0.001870196
-0.001514869
0.006977015
-0.002856154
0.006657837
0.004900401
-0.002803239
0.00353463
-0.007059637
0.008377488
0.002946067
-0.00578038
0.0000349457
0.00512861
-0.000196707
0.000864672
0.004946765
0.00445807
-0.000431176
0.000335133
0.007147623
0.0000727339
0.008575969
0.002907587
-0.001097838
-0.003162722
0.009136517
0.001500999
0.00632207
-0.006638907
-0.008630106
-0.004010442
0.004173897
0.002194584
0.007508781
0.002175401
-0.001583176
-0.003757196
-0.000591514
0.000502363
0.007694575
0.000839611
0.000710362
0.001565918
-0.001965606
0.002561581
0.00273225
0.00070234
-0.001186969
0.003702416
0.009662445
-0.003020174
0.003251335
-0.000831631
0.005581473
0.004074146
0.001917432
0.002847592
-0.003569106
0.006871869
-0.003919142
0.002762525
-0.001999328
0.009956568
-0.001386773
0.010937965
0.006416475
0.009106122
-0.015562127
-0.004477689
0.014214609
0.00797461
-0.017903957
-0.012257946
0.005045645
-0.005314424
-0.002429218
0.006159359
-0.00841741
-0.0000980123
-0.004895082
0.0000202201
0.000343855
0.002580712
-0.003134875
-0.000725851
0.00288095
0.00722995
0.000319547
-0.0000919911
0.000910742
0.01300929
0.010841356
-0.006898107
0.00064318
0.012686664
0.006546412
-0.003205887
0.010984082
-0.025946839
-0.000505384
0.008246842
-0.00791407
0.012105968
0.014427233
0.002463136
-0.029294933
0.014763683
-0.011956094
-0.006619571
0.018762275
0.000767008
0.013017475
-0.029775291
-0.007284401
-0.00899843
-0.010886501
-0.002577406
-0.001616409
0.007386926
-0.005260809
0.004685808
0.006848281
0.002829427
-0.006177867
0.003581594
-0.006531076
-0.003402046
0.000174279
0.004622044
0.002284273
0.004512027
0.001236684
-0.004836823
-0.001806852
0.007672578
0.002927838
0.007673026
0.005757227
0.003824046
-0.001235478
-0.009494854
-0.001730654
-0.001261554
0.009474279
0.002983481
0.009717644
0.000930649
-0.001610617
0.00409887
-0.002039589
-0.000350562
0.004660818
0.010498233
0.006135475
0.008161199
0.021434593
-0.00276754
-0.013196066
0.002100816
-0.006910861
-0.008378955
0.001354856
-0.011915241
-0.002822711
0.008494471
-0.006749081
-0.005835442
0.008892567
0.005841693
0.008016529
-0.0241324
0.003721514
-0.003022326
-0.001605612
-0.016512864
-0.004468961
0.009638818
-0.002125899
-0.007501771
0.000952749
0.001069856
0.00468482
-0.000368704
-0.002189558
0.008838852
0.001012091
0.001578851
-0.002271855
0.000507394
-0.000629807
0.006611086
0.0000377523
0.003477793
-0.006067456
0.001046133
0.004637653
0.002085207
0.002149353
0.0000148418
0.011570023
0.006735197
0.003587451
-0.004642514
0.007181431
-0.000839359
-0.018972526
0.010852835
-0.00294488
-0.000131734
0.003707357
0.004982712
-0.000866167
0.006947905
0.002955947
0.014665091
-0.002131055
-0.008126389
-0.00652531
-0.001131448
-0.003881826
0.006896411
-0.002825087
-0.000543507
-0.000789659
0.001230194
0.006412862
-0.003526435
0.001776441
0.001499136
0.010877733
-0.002652988
0.003023983
0.012890102
0.00071033
0.000674765
-0.009357302
-0.002223452
0.004710404
0.006773775
0.0008997
0.008597185
0.015547837
-0.001452794
-0.007848669
0.008487933
0.001377847
0.002200202
-0.014156446
0.013184979
0.00759129
0.00221988
0.010721194
-0.005255041
-0.000147578
0.004517219
0.004099073
0.009695668
0.007009083
0.034335637
-0.024755361
0.001269703
0.008493249
-0.001242441
0.008559929
0.049595744
-0.02711179
-0.020588354
-0.015770822
-0.015398038
0.0000869352
-0.020775202
-0.019083252
-0.00020087
0.005417181
-0.000356106
0.00176381
-0.02331892
-0.001525524
-0.032363137
0.010939607
0.00818697
-0.002195841
0.022972252
0.003262573
0.015532726
-0.006555815
0.003042814
-0.018151541
-0.016642286
0.002221985
0.010596177
-0.007569607
-0.001479651
-0.019702675
-0.009199639
-0.002510338
0.021210314
0.006258289
0.005602304
-0.006318185
0.01055706
0.010852559
0.015669079
-0.006559631
-0.017328399
0.018623168
-0.030864157
-0.005512342
-0.004298292
-0.000362652
-0.01438999
-0.000251463
0.021495539
-0.005905035
0.014206203
-0.020574116
-0.032865707
-0.001417597
-0.000392844
-0.005529767
-0.008170037
0.00071135
-0.000395777
0.00364203
-0.00000687928
0.002764175
-0.003292226
-0.001304686
-0.003513725
-0.000368151
0.007840848
0.001251501
0.005368837
-0.005567772
0.000272546
0.005284751
0.000354188
0.003742502
0.001895968
-0.002213617
-0.003652067
-0.002803681
-0.001652373
0.000134803
-0.00443191
0.005701189
0.000271481
0.007669174
0.006198363
-0.001692657
-0.000395521
0.002066108
0.002428799
0.00332442
0.007917672
-0.007599546
0.006388241
-0.004007858
-0.007113972
-0.001441908
-0.000261335
0.002825899
0.003535836
0.004646014
0.004924121
-0.001038147
0.004883743
-0.005752831
-0.006563085
-0.003031221
0.00909902
0.004781373
0.001839803
-0.000950377
-0.003951659
0.002159833
0.003972585
-0.001026936
0.001080822
0.008748843
-0.00709478
0.003471735
0.008823513
0.008481049
0.008621371
-0.004948403
0.003068121
0.000759681
0.006180016
-0.008605279
0.002202615
-0.013722129
0.001861628
-0.006345471
0.001709718
-0.004019978
-0.00212903
-0.001015774
0.00247247
-0.004028101
0.001742489
0.001070975
0.003124686
-0.000711938
0.008567608
0.00070046
0.004480426
0.010846996
-0.006877787
0.012696831
-0.011564467
-0.002359163
-0.002021767
0.003246618
-0.003134557
0.00738529
-0.00262947
-0.000857713
0.004063063
-0.006844699
0.000885917
0.00170654
0.009369647
0.009683413
-0.000265745
0.003457269
0.012813018
-0.00225481
-0.007206607
0.002549532
-0.008186395
0.001111193
0.010437148
0.00183658
-0.013382076
0.0000556996
-0.008534312
-0.005727313
0.000832796
0.010659908
0.008110034
-0.002889606
0.008252468
-0.005524463
0.016726554
0.003336363
-0.021919056
0.006862163
0.011567381
0.012612531
-0.022335242
0.013769108
-0.002919325
-0.017276152
0.027157749
-0.020966658
-0.025161399
-0.001845511
0.001483593
-0.01420576
0.001704177
-0.000782845
-0.005723477
-0.006363524
-0.001272477
0.017377219
0.004462394
-0.00048408
0.002639198
0.011031342
0.005072256
-0.013324193
-0.011095859
-0.012705186
0.011756067
0.016027335
0.000974507
-0.005495341
-0.005842976
0.000371886
0.012069248
0.01340275
0.002614978
0.013915365
0.014934569
-0.037536693
-0.00500311
0.017442891
-0.040977956
-0.021208742
-0.000649493
0.000487519
-0.010896847
-0.00673175
0.011839314
0.00060229
-0.000558747
0.002173074
0.008067251
0.004386095
-0.001614711
0.009413399
-0.003525936
0.006751801
0.007034594
-0.00111212
0.001301089
0.001663221
0.007032023
0.004029246
0.006399277
0.008303097
-0.00518218
0.001833247
0.000789194
-0.001055696
-0.000458882
0.001986039
-0.000829971
-0.003228294
0.005362967
0.008972634
-0.004068109
-0.000473157
0.001547404
0.003201451
0.005508015
0.002932216
-0.000115582
-0.003737995
-0.001051662
-0.002026063
0.00819238
-0.000372217
0.009848504
-0.000384571
0.002059047
-0.000751046
0.006540154
0.0012747
-0.00262559
0.008197179
-0.005526182
-0.002310778
0.000985473
-0.000898095
-0.003759647
0.00144113
-0.000187828
0.001272254
0.003094909
0.000192219
0.001588971
0.000944572
-0.003189419
0.008071596
0.001270246
-0.004664324
0.001620184
-0.00397147
0.005113814
0.000327691
0.000745555
0.000671155
0.001750908
0.000876685
-0.00168586
0.001802822
0.002323963
-0.001805545
-0.001071246
0.005644452
0.001247369
0.002160591
0.003872265
0.003704164
0.001204092
0.004086118
0.000072218
-0.002222678
0.000647687
-0.003043346
0.00063356
0.001109634
0.001457348
0.001845916
-0.001101382
0.000755942
0.003366275
0.010836904
-0.00148817
-0.000179063
0.003130278
-0.007551837
0.001983364
0.005722851
0.004615259
0.000840837
0.000488946
0.001671887
-0.002076529
-0.003452392
0.009941775
0.001160897
-0.001833619
-0.01543668
0.001418994
-0.000497121
0.010041932
0.001275744
-0.014473372
-0.00036436
-0.002415717
0.00164768
0.001890401
-0.002183782
0.000493019
0.002447956
-0.000727524
-0.001342137
-0.000972472
0.000284661
0.00292053
-0.001061233
-0.000369334
-0.000152962
0.00537157
0.000597658
-0.0000529716
0.004672177
0.00187582
0.007307677
-0.000786128
0.000930871
0.006401985
-0.009369851
0.001452219
0.002313265
0.001533985
-0.008601344
0.008809903
-0.008072606
0.000315206
0.001560693
-0.000457493
-0.00058122
-0.00669686
0.008346287
0.000284363
-0.002240169
-0.000994537
0.004509871
-0.000979166
-0.000829269
0.00026846
0.001568407
-0.002778601
-0.001219339
0.003707388
0.007572671
-0.000459712
-0.001207006
0.000313357
0.004441332
0.002488481
0.001835623
0.005163217
0.006764416
0.003687602
-0.018179061
-0.000685218
0.004777728
-0.001479499
-0.002162901
0.001130841
-0.001024393
0.0000381859
0.004086194
0.000580691
-0.001267603
0.001188596
0.00173294
-0.001914509
0.000553271
-0.000488565
0.006092382
0.010838246
-0.003034633
0.007560666
-0.001717131
-0.002904368
0.008611969
-0.006811721
-0.003760194
-0.001436638
0.000687055
-0.000824639
0.001929868
-0.003053824
0.000559853
-0.001643501
-0.002256001
0.002934018
0.001088161
0.007249716
-0.001018587
-0.000845718
-0.001058858
0.00189065
-0.012409877
-0.002010485
-0.001314025
-0.001627584
0.008374528
-0.003378208
0.000368891
0.003267818
0.000801019
-0.002287294
-0.002912003
-0.003275505
0.000503304
-0.005859426
0.013673389
-0.002579215
0.001016348
0.001496567
0.000416927
-0.001082784
0.00604851
0.001677795
-0.000861497
0.004989267
0.004007858
0.005248569
0.003562768
0.005755094
0.000692315
0.000227996
-0.00211432
0.007262863
0.00056856
0.000301641
-0.000889739
-0.006011025
-0.00086695
-0.000733811
0.008023086
0.006566292
-0.002692063
0.003369702
-0.00361047
0.001764079
-0.002967114
0.001847602
-0.002141686
0.002827991
-0.00000209818
-0.003547342
0.003518266
-0.000772442
0.005724308
0.008487189
-0.004637126
-0.000295942
-0.008353425
0.002247047
0.001252332
-0.001864192
-0.002458095
0.003637267
0.001975061
-0.001750095
0.003884361
-0.008118165
0.006538709
-0.001135401
0.00593934
0.002156357
0.013164932
0.003413331
0.005817514
0.000397388
-0.003514397
-0.002654019
0.001335848
-0.00525361
0.003912341
0.000810791
0.002162747
0.007461802
-0.00238638
0.004676372
-0.001581335
0.007478746
-0.000114324
-0.001396729
0.001950866
0.011074642
0.003771687
0.022226989
-0.001669592
-0.004423463
-0.006524918
-0.006787238
-0.000119576
-0.003107276
-0.002987472
-0.001741698
-0.003799007
0.004750097
-0.0000849933
-0.001374057
0.002190221
0.006160698
-0.00303572
0.000202562
-0.003099281
0.001146713
-0.012448581
0.004606561
-0.003254607
0.000483314
0.004295951
-0.00495424
-0.003263153
0.007968181
-0.009320315
0.005297078
0.006444562
-0.008591253
-0.005735598
0.006502031
0.010917491
0.000299869
-0.0000230194
-0.00377105
0.010110454
-0.000588069
-0.014830362
0.01467904
-0.024523902
-0.002222701
-0.000145445
0.002978249
0.004201528
-0.0000385539
-0.002378399
-0.001951388
0.005226817
-0.001576734
-0.001365876
-0.00524248
0.001952797
-0.000562583
-0.00144339
0.002202344
0.001868299
-0.00547906
0.002792277
-0.000797038
0.004737596
-0.002864303
0.000389991
-0.00090854
0.008601706
0.000211869
0.003136271
-0.006360564
-0.001273217
0.001634796
0.001604298
-0.001196202
0.000321017
-0.003011449
0.004554272
-0.003611989
0.004268506
-0.001434971
0.002381964
-0.000927189
0.005260056
0.000132082
0.007010088
0.003409431
0.015252495
-0.00087369
0.005356959
-0.006851058
0.00195262
0.013562058
0.017032673
0.017773231
-0.018096514
-0.035922373
0.013364482
-0.001651503
0.002712358
0.005807851
-0.003259969
0.003133768
-0.001837636
-0.001800344
-0.008116153
-0.009173693
-0.001717938
0.003310027
0.00128957
0.004896446
-0.002914488
0.002826781
0.001128202
-0.000998669
0.004286628
-0.000211442
0.006977256
0.013678685
-0.0020829
0.00601859
-0.003705431
0.00020585
-0.009411986
0.009793859
-0.008475597
-0.000171685
-0.009558795
0.012481259
0.000752814
0.00317643
-0.000240122
-0.005934762
-0.008678342
0.007811914
-0.005065184
-0.009232604
0.001652173
0.001869952
-0.001809939
0.0000461114
-0.00519074
0.000760626
0.003083741
0.006539699
-0.000984321
0.000174052
0.010041233
0.009663338
-0.002740328
0.002784249
-0.011977209
0.010511624
-0.010145835
-0.003208093
0.006329871
-0.002037068
0.004346414
0.008818718
0.000546954
-0.000381426
-0.00638634
-0.00087577
0.000987255
0.004403441
0.006597102
0.005600135
-0.001838053
-0.001260734
0.016396162
0.000152465
0.005054552
-0.011239181
0.000885817
0.003303441
0.003497363
0.004097696
0.02386973
-0.008124753
-0.001868531
0.011349889
0.004439376
-0.012455203
0.014452323
-0.0000261693
-0.004666329
0.016484492
0.016517829
0.019516378
-0.012303664
-0.00018722
-0.000661044
-0.014158591
-0.0184776
0.001523207
0.004993136
-0.018741978
-0.000443431
0.024761826
0.005528805
-0.010865754
0.014145967
-0.015641324
0.020287874
0.00519427
-0.011696377
0.000534719
-0.021598081
0.01669428
-0.024965463
0.007799713
0.000853277
-0.010837825
-0.023699685
-0.01311645
0.002014775
-0.015302572
-0.009411057
-0.007220422
0.010630253
-0.002177381
-0.001600427
0.012420263
0.008815557
0.007778544
-0.017796358
-0.015039685
0.014513546
0.010618261
0.004753518
-0.019422094
0.002250978
-0.007739147
-0.006488921
-0.006987577
0.020526676
-0.01437389
-0.010998806
0.010683411
-0.004640886
0.000590844
-0.000127965
0.001222062
-0.001233147
0.003809525
-0.001124658
0.016164923
-0.001338958
0.014901128
-0.011205532
-0.013994004
-0.003225231
0.001509295
-0.009824438
-0.000345562
-0.001134244
-0.003542462
0.002727349
0.011873467
-0.004808811
-0.000452784
0.011840691
-0.002553727
-0.001912997
0.011031598
0.016626436
-0.005823479
-0.001424641
0.000272493
0.004569785
0.014852464
-0.004715257
-0.006823414
0.001272315
0.000725999
0.008820615
0.008036422
-0.003592804
0.01829202
0.014315153
0.001975755
0.019076298
0.001230869
-0.025666602
-0.000466438
-0.003362002
-0.00205114
-0.012316477
0.004564501
-0.016164896
-0.002559218
0.008707434
0.01283166
-0.004089445
0.004486464
0.005277444
-0.013900933
0.025083019
-0.015326201
0.001162308
0.018292896
-0.029577349
-0.008390044
0.000608209
0.024298642
0.039033715
-0.013523571
-0.039411211
-0.031853413
-0.021098426
-0.008254354
-0.002624089
0.005207976
0.00391494
-0.001274724
0.00094667
-0.009556678
0.012810209
-0.002874937
-0.007754728
0.003113854
-0.002247692
-0.002754827
-0.002273793
0.0000291142
0.007316468
0.012386824
-0.005773756
-0.010702754
-0.005677576
-0.002387075
-0.004263349
0.000770991
0.001109777
0.008011477
-0.000735872
0.004455981
0.011066473
0.012336983
0.002260889
-0.016651237
0.00608302
-0.0038613
-0.000312233
0.006937341
0.002658744
-0.02086441
-0.000392268
-0.002971672
-0.007353558
0.000636733
0.006094115
-0.005302162
0.009898713
0.001980331
0.005693217
-0.004622675
-0.00699457
0.001735667
0.012042481
0.000419227
-0.006474753
-0.001437672
-0.008620014
0.002118973
-0.001010717
0.002060358
-0.006318488
-0.001264957
0.009160965
-0.010282881
-0.002231767
0.002337011
-0.000928786
-0.000647588
0.00304785
0.000772669
0.010778091
-0.000304077
-0.002950424
-0.005088415
0.013456809
0.003774872
-0.004458133
-0.011835652
0.002938963
0.010921351
-0.010127599
-0.003740632
0.002769378
-0.004140733
0.002253237
0.002355316
0.005089992
-0.001481646
0.009236688
-0.011310306
-0.000778722
0.005148739
0.00162766
-0.004579212
0.005200016
0.004456111
0.00268273
-0.002059017
0.006605293
0.003531589
-0.003963644
-0.008795773
0.012234374
0.002370056
-0.002376788
-0.014560976
-0.006138664
-0.001744324
0.009009324
-0.004870845
0.012160519
-0.003323247
0.013535853
-0.006077595
0.012605945
-0.001921292
-0.01695797
0.003941249
-0.014173894
0.001195597
-0.004386307
-0.004540922
0.006125001
-0.002955635
-0.001476767
-0.000765925
0.002762149
-0.000305298
0.006127229
-0.001060162
-0.000317998
0.001600079
0.004071437
0.00964587
-0.0000293992
0.010675099
-0.004246538
-0.003417814
0.010292486
-0.004157715
0.014441263
0.012961854
-0.012992557
0.009537312
-0.013499525
-0.013387785
0.002569713
-0.005488599
0.015267454
0.004733342
0.001549073
0.013423384
-0.009249178
-0.005811246
-0.00258083
-0.008091744
-0.008405649
0.017889573
0.011628535
-0.008890673
-0.018281414
-0.000338821
-0.010307654
-0.004892436
0.000865487
0.00330688
-0.000137419
0.001747138
0.003810025
0.004568552
0.024017326
0.020352196
-0.008491175
-0.006344334
-0.016209874
0.004532341
-0.016347416
-0.000239772
-0.00725561
0.001666391
-0.00116619
0.003767642
0.006383709
-0.006830259
-0.002541187
0.002803513
-0.001147993
0.002862976
0.005236968
0.001967708
-0.001498607
0.00513279
0.000735982
0.000240789
0.000526724
-0.000701691
0.000697053
0.003120771
0.000349231
0.003774263
0.005705186
-0.002832894
-0.000120404
0.01173128
0.00623095
-0.001381633
0.011936543
-0.001501469
0.007052522
0.012304289
-0.007300396
0.019575021
0.009141252
0.01288406
0.000146545
-0.00809872
0.001580257
-0.016470106
-0.011450008
-0.020662211
0.017461727
-0.015128848
-0.001563815
0.011168236
0.00000308285
-0.013245709
-0.002788917
-0.002544258
0.008573918
-0.016169952
0.007835888
-0.005778166
-0.008012332
-0.000480814
0.004895485
0.001292544
0.007483926
-0.000707104
-0.005962453
0.000878723
0.003644765
-0.00654288
-0.003073736
0.005036404
-0.001535794
-0.000779495
-0.000540736
0.003319032
-0.001688528
0.0000488277
0.001050211
0.004787449
-0.001989395
0.002949942
0.00247526
0.005001139
0.00853037
-0.0000612614
0.004345975
0.00670996
-0.001636087
0.002755471
0.011532629
-0.005554122
0.0000129355
-0.009682895
0.007186116
-0.002860178
-0.019996384
0.0000587759
-0.004527249
0.000289364
-0.004849941
0.000490839
0.001752948
0.005016294
-0.002320521
0.0102644
-0.01183295
0.004198671
-0.001930741
0.004843623
0.001472275
-0.004134397
0.004645089
-0.007048456
-0.003921683
0.00547907
0.000658513
0.006676432
-0.000371897
0.00191125
-0.001179533
0.004896818
-0.006434466
-0.000133831
0.001729585
0.001277598
0.007720149
0.002171418
0.000839063
0.003131809
-0.007086618
-0.003539197
-0.00024503
0.000939679
0.004629224
0.006526805
0.001886609
-0.000374368
0.000724034
0.001846753
0.005364445
-0.001113389
0.005986423
0.004248151
0.002364016
0.008113943
-0.006498728
0.003849928
0.003745165
-0.009360256
-0.004701107
0.00041731
0.009677333
0.001517639
-0.001372883
0.005615732
-0.008986589
0.00186993
-0.001351252
-0.000141544
0.002992051
0.004763408
0.003233102
-0.008096323
0.001718472
-0.002215071
0.004093988
0.003773054
0.001363563
0.010488836
0.006758019
0.008219974
-0.009488352
-0.020885195
0.010919229
0.003751409
-0.010754442
-0.012535703
-0.001125546
0.002851305
0.007043287
0.007921096
0.004639236
-0.001899276
-0.007002055
0.004403846
-0.004862664
-0.002931435
0.006038882
-0.006131695
0.007219196
0.009612948
-0.002822497
-0.011695947
0.00030471
-0.005086293
-0.000460742
0.000539838
0.00171542
-0.0000545417
0.015267248
-0.007375802
0.002781314
0.004947
0.0000238521
-0.001350214
0.006191143
-0.001921985
0.006034416
-0.006524256
0.001155014
0.004810806
0.005807558
-0.000265733
0.01106126
0.001570619
0.013300192
0.012438728
-0.002029639
0.007646135
-0.022832804
-0.006467109
0.01126559
-0.010205702
0.006138741
-0.004873847
-0.020880219
-0.008885082
0.000570266
0.002776397
-0.003895975
-0.001345755
0.005163951
0.010817889
-0.012575919
0.002310444
0.000343238
-0.000208146
0.00608176
-0.002511444
-0.000337417
-0.008857498
0.003957524
-0.000180456
-0.000334676
0.004743251
0.002918143
0.005317191
0.004821034
-0.000580927
0.016644293
-0.00309672
0.006319048
-0.000101036
-0.003772548
-0.011314424
-0.003178495
0.001812129
0.011238605
-0.004337949
-0.001306125
-0.003188975
-0.002721758
-0.000786092
0.002485823
0.00015085
-0.001261387
0.004957683
0.008128259
-0.003630798
-0.002045714
-0.003695712
0.004220758
0.004834054
0.008100098
-0.002374929
0.000726617
0.013424344
-0.013180332
0.004263634
-0.002804988
0.00356821
0.002903355
-0.003835319
-0.004874901
0.005584199
0.001329742
0.00439295
0.003260276
-0.004727998
0.00574001
0.0000887127
0.006549876
0.00674156
0.013827684
-0.007064135
0.004080285
0.006281899
0.02183258
0.000573756
-0.012330173
-0.008510753
0.007057033
-0.008980835
-0.000665305
0.007999
-0.006028393
-0.004074186
0.003485212
-0.002743316
-0.002596281
-0.00472042
-0.007216808
-0.001843675
0.012179165
0.00421865
0.005694153
0.002712504
-0.003378633
0.003053081
0.007342097
0.009997772
0.000053198
0.001210468
0.008114716
0.004163597
-0.00317166
0.001963554
0.002747366
-0.01587865
-0.00403899
0.003950792
0.008616643
-0.005777426
0.00382108
-0.005899333
-0.003304207
-0.014283112
-0.005179674
0.002775788
-0.001152913
-0.003568787
0.003886457
-0.003804234
-0.005722763
-0.001483057
0.00164321
0.012542335
-0.000138712
0.00037267
-0.003733294
0.000824178
0.002560344
-0.003811411
-0.001852374
0.002032821
0.001607891
0.005034342
0.002774705
-0.003709957
0.001374295
0.003085025
0.013558027
0.000182807
0.007226332
0.005254044
0.010199089
0.000823039
-0.00054476
0.00540684
-0.00428852
0.006199233
0.009591182
0.009494228
-0.012143674
0.002669488
-0.025008727
-0.013851864
0.007789566
0.007569136
-0.005890113
0.014784326
-0.008367982
-0.010153615
-0.000344691
0.012831965
0.008490198
-0.013783232
-0.005508451
0.005935155
-0.014306722
0.003668969
-0.007045736
0.006337808
-0.000548573
-0.002922588
-0.008275934
0.001723599
-0.000708561
0.010298701
-0.005010265
0.005117006
0.010144426
0.000039614
0.004321961
-0.00368649
0.004136233
0.005232755
0.001910531
0.010531753
0.009406037
-0.009302783
0.002484023
0.007186941
-0.001843632
0.004033899
0.00000877711
0.010416703
0.004658487
0.008848504
-0.006701933
-0.014322724
0.014302972
-0.022966891
-0.002833768
0.003551
0.01219165
0.003542154
0.006304302
-0.004295176
0.00404994
-0.010549426
0.005171257
-0.004468582
0.00405231
-0.000587847
0.007785225
-0.003336278
0.007169689
-0.008281549
0.00669727
-0.002422826
-0.005506365
-0.001623336
0.005606453
0.001313842
-0.002406857
0.003252457
0.004480993
0.00181675
0.001082224
0.009567218
0.00461112
0.002325055
-0.000862223
0.01272057
0.006113071
-0.018311216
0.008773254
-0.006306344
-0.012402371
0.007334872
-0.00104297
0.00069036
0.000595015
0.001593969
-0.000604581
0.00565339
-0.001801723
0.000549483
0.010414203
-0.011540546
0.010054674
-0.002565038
-0.003897217
0.00510929
-0.00185191
0.005447573
0.00000520788
0.00150725
0.004429028
0.003401359
0.005642625
0.000195733
0.001130797
-0.000934493
-0.000046508
0.007598102
0.002658598
-0.003245032
-0.003119847
0.004865875
-0.002089119
0.02540532
0.016941729
-0.01104865
-0.001218442
-0.004791558
-0.002437541
-0.009381829
0.005489716
-0.007587232
0.011484472
0.011871842
-0.004134372
-0.006320502
0.000446005
0.006551773
0.000331967
0.002922636
0.003310294
0.001584657
-0.001710243
-0.004747663
0.000160317
0.004269807
0.007856935
-0.005226545
-0.002030902
0.013032573
0.002316033
0.000668025
0.019861505
0.004839898
-0.001594063
-0.01385121
-0.003987437
0.000129899
0.001701396
-0.012208467
-0.023703909
0.007856179
0.002161932
-0.009380842
0.010927792
0.000154153
-0.00072943
0.002995064
-0.003083579
-0.014444034
0.000441018
-0.016574586
-0.002442662
0.004116342
0.010273456
0.008075883
-0.002969073
0.000196209
-0.006189324
-0.009885101
-0.003457216
-0.000322477
0.007169546
0.003624783
0.000877118
0.002646548
-0.004477492
0.009654713
-0.005739521
-0.010499151
-0.002236322
-0.0000757169
-0.000541483
0.001187686
-0.001278882
-0.003128284
0.003963132
0.016305783
0.002091777
0.003135586
-0.006143229
0.004051356
0.020435468
-0.001070585
-0.001163273
0.005068223
-0.007803395
0.000844421
-0.000805265
-0.000490069
0.006450205
-0.008072458
0.000227821
-0.003499129
-0.0000205585
0.001870966
0.007105778
0.001139485
-0.000129315
-0.001251185
0.002189794
0.000410496
0.000623727
0.005105976
0.002327923
0.019041224
-0.007372522
-0.003035987
-0.004314371
-0.000483005
0.019077858
0.016545048
-0.000318081
-0.009035795
-0.008911033
-0.010064193
0.002718405
0.006678657
0.007409682
-0.002314483
0.01650285
-0.004993017
-0.0000147287
-0.00812016
-0.001638426
-0.009437123
-0.004682247
0.006226401
0.002462768
0.024916121
-0.002109071
0.008991055
0.004770367
-0.015956494
0.00717204
-0.022261979
-0.001685997
0.009821
0.001445701
0.010334698
0.010813608
-0.007019692
0.011645742
-0.012614723
0.008113714
-0.000110005
0.023052166
0.005727072
0.000103592
-0.024638381
-0.002277469
-0.014334129
0.011077335
-0.002163947
0.001380947
0.001693902
0.000485493
0.016034837
-0.007389964
-0.015051429
-0.004401748
-0.005744127
-0.011115504
-0.003387692
0.002521802
-0.006706778
-0.004279582
0.00035444
-0.016149265
-0.007654608
-0.002502801
0.00565963
-0.003880744
0.002412662
0.006678137
0.013646159
0.003677945
-0.008407145
0.001171772
-0.005936341
-0.004053369
0.015487142
-0.000505351
-0.012470778
0.013779425
0.007442711
-0.01708026
-0.011359838
-0.000625061
-0.010203911
-0.003990856
0.007508819
0.003699224
-0.00161186
-0.004937049
-0.002821303
0.013889286
0.003103916
-0.007206826
-0.001865832
-0.002999759
0.003969484
0.001122507
0.005967193
-0.0011957
0.01812624
0.000166887
0.003628701
0.009819938
0.006898091
-0.015373864
-0.003864533
-0.00324468
0.006153475
-0.004731504
0.003355241
0.001349868
0.001674407
0.004275155
-0.003340096
0.000718726
0.002344053
0.011029818
-0.005383675
-0.000941287
0.006800743
-0.00688418
0.001472687
0.002161336
0.002018952
-0.000422437
0.014606184
0.001096566
0.008899275
-0.00046013
-0.002517552
-0.001594411
-0.00574396
0.008665375
-0.001025656
0.000471849
0.000671399
0.004941929
0.011107255
0.00354932
-0.004948902
0.002342899
0.000307066
0.008883564
0.002264992
-0.002536092
0.002940267
0.00018794
0.015470578
-0.004283997
0.01070399
-0.012480431
0.0000790373
0.009036786
0.008269141
0.001942684
0.029828058
-0.011729487
0.003211972
0.003246185
-0.011352487
-0.008683523
-0.014915283
0.01688282
-0.021138671
0.002017088
0.001105033
0.010289598
-0.000245036
-0.001906297
0.043312329
0.00221961
0.029240169
-0.002688805
-0.02209103
-0.004146888
-0.018648761
-0.000388087
-0.016806832
-0.016614985
0.004817874
-0.009552689
0.019493325
0.008618839
-0.036701877
0.01173868
0.006298403
-0.006286068
0.018783645
0.016109252
-0.027941728
-0.024737754
0.000385696
0.034292087
0.010536657
-0.02004851
0.012876991
0.018808818
0.004553057
-0.012646862
0.020418705
-0.019368807
0.017379063
-0.002978268
0.009802155
0.000541416
0.034119785
-0.008162247
0.018302773
0.017872011
0.022488059
-0.028453702
-0.024971755
0.008111611
-0.020686671
0.010687092
0.023333823
0.00608152
-0.031884528
-0.029387344
-0.001662782
-0.009805963
0.005708737
0.01719258
0.013474505
0.009125126
0.006958715
-0.026702186
-0.010616506
0.028651085
-0.007433294
-0.025285112
-0.011874546
0.00492274
0.002345236
0.028283823
0.015121798
-0.015567118
0.013120268
0.034286305
0.000261278
-0.015009443
-0.044592397
0.000942163
-0.009734898
0.021780677
0.005265246
0.046291573
-0.044158969
0.047409231
-0.066629957
-0.000579211
-0.047820611
0.005020197
-0.025561949
-0.004133029
-0.006446732
-0.003234947
-0.020308259
-0.004108264
-0.005637718
0.000903887
0.013547504
-0.000668046
0.016308705
-0.008136286
0.005559254
-0.006717764
0.003102931
-0.004430586
-0.018093428
-0.006956252
0.010448313
0.001007654
-0.001337763
0.014409458
0.010117729
0.008281001
0.012950168
0.009184956
-0.011728803
-0.002825933
-0.006470386
0.013420063
0.005395213
0.003050098
0.001749551
-0.017427964
0.012612595
0.000666762
-0.013982289
0.007382815
-0.004193544
-0.000951407
-0.01076375
-0.00972978
-0.001223776
-0.022785848
0.010587839
0.004084415
0.003950115
0.00318504
-0.000823481
-0.011928299
-0.007689691
0.002181044
0.008802782
-0.000369102
-0.006208808
-0.008063368
0.004892693
-0.011108907
0.008070176
0.004545628
0.003820175
-0.009070484
-0.006854324
-0.003379184
-0.001752855
0.002301736
0.003557482
0.006248385
0.008981153
-0.001597877
0.005282073
0.013511742
0.005735738
-0.011019226
0.003923629
0.0000810789
0.000194664
-0.007775368
-0.002793933
-0.004006021
-0.001521018
0.002180919
-0.000180103
0.000345822
0.004967772
-0.001831945
0.006682237
0.007059889
-0.002746773
0.003162294
0.009338696
0.002916855
-0.003553376
0.014992203
0.004309989
0.01339745
-0.019499143
-0.011197295
-0.006051995
0.007084457
-0.018877423
-0.001356661
0.008920764
-0.008342869
-0.007374763
0.017217842
0.001614031
-0.015741611
0.005562207
0.010553031
-0.000993404
-0.006116849
-0.020527678
0.001929983
0.003071519
0.006256142
-0.003233647
0.002389773
0.005505259
0.000749127
-0.00278899
0.004185694
0.006241458
0.002882772
0.002356476
-0.002724533
0.01669432
0.007660468
-0.017850469
0.002242619
0.004223445
0.000266772
0.0058354
0.002413463
-0.001295636
-0.010117054
0.00137214
0.007389471
-0.00170805
0.009001955
0.003724649
-0.001375938
-0.001844552
-0.002123955
0.005012648
-0.001315726
0.011317974
-0.00019722
-0.001507215
0.001008522
0.000776962
0.000608628
-0.001640758
0.003376908
0.00603225
0.002548733
0.000834535
0.00618268
-0.005119131
0.000910219
0.0000500646
0.006001676
0.003837541
0.003708019
0.000510858
-0.001295128
0.002600014
0.012821618
0.021612752
-0.006069026
-0.001380749
-0.007468586
0.014928547
-0.01428934
-0.001572365
0.002544477
0.015355005
0.000206622
-0.016202868
-0.001214845
-0.011806022
-0.00424482
0.004377747
-0.00805246
-0.002121904
0.003924972
0.019277594
0.003681309
0.007753219
0.000952477
-0.000437891
0.001123216
-0.002689008
0.000013005
0.002150292
0.002382683
0.001775295
0.010530453
-0.015882448
0.007246465
0.002023113
-0.003640275
0.00712221
0.003821287
0.000147382
0.006121064
-0.001651978
-0.000664317
0.020853664
-0.008029006
0.004412639
-0.003079364
-0.002590003
0.004846555
-0.005665181
0.021195717
-0.008329973
-0.004829339
-0.002561404
0.015206578
0.000826286
-0.000357532
0.003537824
-0.000716552
0.011131534
0.004862334
0.004834701
0.006438745
-0.011467801
0.013215781
0.009077294
0.029511778
0.000385713
-0.014718095
0.01658364
-0.007679714
0.003286576
-0.014509801
-0.00404375
-0.003663006
-0.016936425
0.001484371
0.012197571
0.000120027
-0.004026915
-0.005381612
-0.028176611
-0.005967575
0.005482258
-0.003706637
-0.00126345
0.006052704
-0.004798045
0.022024277
0.0000605285
-0.004155009
-0.006923669
-0.001050043
0.011201182
0.008217918
0.022512578
-0.012822551
0.0114228
0.005982138
-0.028818162
0.001191235
-0.000150316
0.01537777
0.000732347
0.00720602
0.009405784
0.031333088
0.00535655
-0.004663244
-0.00323681
-0.010115215
-0.031014717
-0.002038217
0.002863234
-0.016798651
-0.002990591
-0.016068915
-0.003858541
0.001321808
0.001280106
-0.0005552
0.023496347
-0.001808355
0.004383767
0.029498287
-0.005941253
0.010974826
-0.013522923
-0.034411658
0.004046913
0.025845242
-0.017163944
-0.012380298
0.032880525
-0.005660427
0.000348776
-0.012908836
0.015023957
-0.038972009
-0.005133497
-0.014195508
0.001109607
-0.018795894
-0.012149525
0.013744729
-0.003397137
0.043966555
-0.015304442
-0.032375599
-0.006562951
-0.023839127
0.013121159
-0.01664496
0.012943474
0.006456519
-0.023382493
-0.004289609
0.007120193
0.002259634
-0.001018757
0.008063638
0.004520754
-0.016125877
0.000839525
0.01115043
0.000687829
0.0017671
0.006681147
0.00337476
-0.005877274
0.00168586
0.00792514
0.007415086
-0.003273123
0.0000419622
0.00568635
0.000738974
-0.0017043
-0.005492377
0.007169881
0.005095454
-0.00509135
-0.000323259
0.005818282
0.007779174
0.000453882
-0.000218426
0.004045166
0.004526791
0.001705338
-0.000169671
0.014002571
0.003739431
0.000428656
0.00232862
0.010157699
0.001406105
-0.002082513
0.009722835
-0.01210575
-0.001044076
0.002187381
0.006587494
0.004236231
0.017998567
-0.002738437
0.00967292
-0.002231753
0.013039172
-0.00885601
0.002894307
-0.031142262
-0.005475602
0.012976922
0.014265582
-0.009826456
-0.0118248
0.00488775
-0.004211357
0.004606678
-0.022143732
-0.018946351
-0.01059954
0.012502584
-0.010824722
0.00243056
0.008321308
-0.009379256
0.001743186
0.002880043
0.004007516
0.000540635
0.003122642
0.016036906
-0.010048141
0.000192692
-0.001394471
0.001154674
0.005250801
0.002296554
0.00357107
0.01050416
0.005822889
-0.011806375
0.001129881
-0.005553166
0.00696146
0.003682838
0.005842446
0.003670901
-0.010253961
-0.002461728
0.005503405
-0.008395909
0.000335396
0.012078716
0.003791459
-0.017232066
0.004500915
-0.000532059
0.013620277
-0.003214149
-0.013425667
-0.000469711
0.000918379
0.014465668
0.00574232
-0.01025916
0.005025757
-0.0000607201
0.022238585
0.002502978
0.019236412
0.001043677
0.002427968
0.006448853
-0.02805829
0.022516318
-0.019544038
-0.003313448
-0.011719371
-0.01217552
0.010642251
-0.008856912
-0.00623303
0.009400766
-0.008093933
0.004153354
0.017546852
-0.002785402
0.004385973
0.005639181
0.00746594
0.002717339
0.01370884
0.014870106
-0.004501027
-0.025762258
-0.003325634
-0.002234821
0.017808557
-0.006090443
-0.009504699
-0.010075289
0.006579207
-0.003404783
0.002637288
-0.003061287
0.015319265
0.003140429
0.006333378
-0.001348538
0.010418469
0.007790228
0.008837469
0.013122761
0.008528476
-0.003293874
-0.022126223
-0.008073506
-0.001988764
0.002780137
0.000122067
0.002365371
-0.000543172
0.018622114
0.01094465
0.006865985
0.01014514
-0.024264853
-0.008530197
0.006886809
0.01152577
-0.012659964
-0.003344756
0.01343354
-0.005626929
-0.002907965
0.00301448
0.015342022
0.000730464
0.011903188
-0.004569637
-0.002599416
0.002975691
0.00304371
0.02328858
-0.000528087
0.003627974
0.011430765
-0.000390897
0.008649692
0.029629804
0.005310955
0.024937389
-0.004026234
0.003549863
-0.001671096
-0.019678599
0.002559748
-0.029139111
0.004355477
-0.008525307
0.009059028
-0.001477192
0.021447908
0.006527347
0.002301564
-0.030594015
0.003110374
0.008415427
-0.001381879
-0.012725154
-0.023764592
0.001393028
0.006109393
-0.003481276
0.003512756
-0.001013852
-0.002520678
0.011485284
-0.013732834
0.001978688
0.025818363
0.013571283
0.015422473
-0.018972415
0.02630155
-0.001496847
-0.016758922
-0.005128434
-0.00173469
0.030392092
-0.011410391
0.010351059
-0.02689522
-0.000982391
-0.021514144
0.024071929
-0.013209083
0.017408213
-0.003787785
0.033861847
0.005402977
-0.000956811
0.021616487
-0.002738231
-0.010070844
0.016794288
0.009920431
-0.0076752
0.021247682
-0.042782958
0.004962294
0.015538854
0.012545064
-0.020060722
0.002535659
0.038057009
0.011775596
-0.023849116
-0.00833464
0.009734311
0.028730789
0.016554976
0.013121394
-0.034812907
-0.020315503
0.023318207
0.00962393
-0.020407014
0.070745769
-0.019763239
-0.012979266
0.02085858
0.032134814
-0.003516594
0.007742324
0.040732437
0.002445552
0.063660092
-0.010029249
0.001217501
-0.042522315
0.023746637
-0.006404611
-0.046624712
-0.023562358
-0.015782168
-0.010660779
0.040112148
-0.034697854
-0.011419343
-0.01201627
-0.000957073
-0.045561316
-0.009992182
0.001743718
0.007948148
-0.049115034
0.001475737
0.026898192
0.016370793
-0.00748761
0.015832019
-0.000538118
-0.022791015
-0.033120435
0.033566816
0.010921755
0.00555027
0.005385433
-0.015173397
0.043491714
-0.052811825
0.007565028
0.001330346
-0.033458481
0.001752165
-0.022563716
-0.021304714
0.003403039
-0.030010314
0.007813461
-0.004669114
0.031603354